Time	E field
ps	V
	One card
-4.55227	1.8E-5
-4.52726	2.2E-5
-4.50225	0
-4.47723	1.8E-5
-4.45222	8E-6
-4.42721	1.2E-5
-4.4022	1.4E-5
-4.37718	8E-6
-4.35217	1.2E-5
-4.32716	1E-5
-4.30214	2.8E-5
-4.27713	8E-6
-4.25212	2.4E-5
-4.22711	1.2E-5
-4.2021	1.8E-5
-4.17708	2.6E-5
-4.15207	1.4E-5
-4.12706	2.2E-5
-4.10204	2E-6
-4.07703	1E-5
-4.05202	1.2E-5
-4.02701	6E-6
-4.00199	2.8E-5
-3.97698	1.6E-5
-3.95197	3E-5
-3.92696	2E-5
-3.90195	2E-6
-3.87693	1.2E-5
-3.85192	1E-5
-3.82691	2E-6
-3.8019	8E-6
-3.77688	1.8E-5
-3.75187	8E-6
-3.72686	3.2E-5
-3.70185	1.2E-5
-3.67683	2.2E-5
-3.65182	0
-3.62681	1.8E-5
-3.6018	1E-5
-3.57678	1.2E-5
-3.55177	2.2E-5
-3.52676	1.4E-5
-3.50175	1E-5
-3.47673	2.2E-5
-3.45172	2.4E-5
-3.42671	2.2E-5
-3.4017	1.6E-5
-3.37668	1E-5
-3.35167	4E-6
-3.32666	1.4E-5
-3.30165	2.4E-5
-3.27663	2.2E-5
-3.25162	2.4E-5
-3.22661	1E-5
-3.20159	2.2E-5
-3.17658	2.6E-5
-3.15157	2.6E-5
-3.12656	2.2E-5
-3.10155	1E-5
-3.07653	1.8E-5
-3.05152	1.2E-5
-3.02651	1.4E-5
-3.00149	1.8E-5
-2.97648	1.8E-5
-2.95147	6E-6
-2.92646	6E-6
-2.90145	1.6E-5
-2.87643	3.4E-5
-2.85142	2.2E-5
-2.82641	6E-6
-2.8014	2.4E-5
-2.77638	2E-5
-2.75137	3E-5
-2.72636	2.6E-5
-2.70135	1.4E-5
-2.67633	1.8E-5
-2.65132	2.6E-5
-2.62631	3.2E-5
-2.6013	2E-5
-2.57628	2.8E-5
-2.55127	2E-5
-2.52626	2.2E-5
-2.50124	2.4E-5
-2.47623	3.2E-5
-2.45122	3.2E-5
-2.42621	2.6E-5
-2.4012	1.6E-5
-2.37618	1E-5
-2.35117	1.4E-5
-2.32616	2.4E-5
-2.30115	2.2E-5
-2.27613	2.8E-5
-2.25112	2.6E-5
-2.22611	4E-5
-2.20109	4.4E-5
-2.17608	2.6E-5
-2.15107	4E-5
-2.12606	2.8E-5
-2.10105	2.6E-5
-2.07603	3.4E-5
-2.05102	3.2E-5
-2.02601	3.8E-5
-2.001	2.8E-5
-1.97598	1.4E-5
-1.95097	3.8E-5
-1.92596	2.2E-5
-1.90095	3E-5
-1.87593	2.4E-5
-1.85092	3E-5
-1.82591	3.4E-5
-1.8009	3.4E-5
-1.77588	1.6E-5
-1.75087	1.8E-5
-1.72586	4E-5
-1.70085	3E-5
-1.67583	3.8E-5
-1.65082	2.8E-5
-1.62581	2.6E-5
-1.6008	2.8E-5
-1.57578	4E-5
-1.55077	2E-5
-1.52576	2E-5
-1.50074	1.8E-5
-1.47573	1.8E-5
-1.45072	2.4E-5
-1.42571	0
-1.4007	1.8E-5
-1.37568	1.2E-5
-1.35067	2.6E-5
-1.32566	2E-5
-1.30065	2.8E-5
-1.27563	3E-5
-1.25062	2.4E-5
-1.22561	3E-5
-1.2006	8E-6
-1.17558	4E-5
-1.15057	2E-5
-1.12556	2E-5
-1.10055	1.4E-5
-1.07553	1.6E-5
-1.05052	1.6E-5
-1.02551	2E-5
-1.0005	1.4E-5
-0.97548	-2E-6
-0.95047	2E-5
-0.92546	1.2E-5
-0.90044	0
-0.87543	0
-0.85042	1.6E-5
-0.82541	-2E-6
-0.80039	2E-5
-0.77538	1.2E-5
-0.75037	0
-0.72536	8E-6
-0.70035	-2E-6
-0.67533	4E-6
-0.65032	8E-6
-0.62531	8E-6
-0.60029	-2E-6
-0.57528	0
-0.55027	-1.6E-5
-0.52526	0
-0.50024	-1.2E-5
-0.47523	-1.8E-5
-0.45022	-1E-5
-0.42521	-1.4E-5
-0.40019	-4E-6
-0.37518	1.4E-5
-0.35017	1E-5
-0.32516	2.4E-5
-0.30014	5.2E-5
-0.27513	7.8E-5
-0.25012	7E-5
-0.22511	1.52E-4
-0.2001	1.96E-4
-0.17508	2.58E-4
-0.15007	3.2E-4
-0.12506	4.14E-4
-0.10004	5.4E-4
-0.0750299999999999	7.04E-4
-0.05002	9.26E-4
-0.02501	0.00116
0	0.00143
0.02502	0.0018
0.05003	0.00229
0.07504	0.00288
0.10006	0.00354
0.12507	0.00426
0.15008	0.00605
0.17509	0.00627
0.20011	0.00756
0.22512	0.00902
0.25013	0.01047
0.27514	0.01207
0.30016	0.01398
0.32517	0.01611
0.35018	0.01837
0.37519	0.0205
0.4002	0.02252
0.42522	0.02473
0.45023	0.02688
0.47524	0.0289
0.50026	0.03056
0.52527	0.0317
0.55028	0.03273
0.57529	0.03272
0.6003	0.03233
0.62532	0.03122
0.65033	0.02967
0.67534	0.0274
0.70035	0.02428
0.72537	0.02041
0.75038	0.01587
0.77539	0.01137
0.8004	0.00676
0.82542	-0.00171
0.85043	-0.00403
0.87544	-0.00942
0.90046	-0.01418
0.92547	-0.01828
0.95048	-0.02216
0.97549	-0.02555
1.0005	-0.02833
1.02552	-0.03032
1.05053	-0.03143
1.07554	-0.03197
1.10056	-0.03194
1.12557	-0.03034
1.15058	-0.03002
1.17559	-0.02856
1.2006	-0.02685
1.22562	-0.02484
1.25063	-0.0226
1.27564	-0.02025
1.30065	-0.01813
1.32567	-0.01619
1.35068	-0.01432
1.37569	-0.01237
1.40071	-0.0106
1.42572	-0.00906
1.45073	-0.00781
1.47574	-0.00668
1.50075	-0.00561
1.52577	-0.0047
1.55078	-0.00391
1.57579	-0.00331
1.60081	-0.00284
1.62582	-0.00239
1.65083	-0.00202
1.67584	-0.00167
1.70085	-0.00144
1.72587	-0.00125
1.75088	-0.00111
1.77589	-9.68E-4
1.8009	-8.42E-4
1.82592	-7.72E-4
1.85093	-7.02E-4
1.87594	-6.54E-4
1.90096	-6.26E-4
1.92597	-5.8E-4
1.95098	-5.66E-4
1.97599	-5.6E-4
2.00101	0
2.02602	0
2.05103	0
2.07604	0
2.10106	0
2.12607	0
2.15108	0
2.17609	0
2.20111	0
2.22612	0
2.25113	0
2.27614	0
2.30115	0
2.32617	0
2.35118	0
2.37619	0
2.4012	0
2.42622	0
2.45123	0
2.47624	0
2.50126	0
2.52627	0
2.55128	0
2.57629	0
2.60131	0
2.62632	0
2.65133	0
2.67634	0
2.70135	0
2.72637	0
2.75138	0
2.77639	0
2.80141	0
2.82642	0
2.85143	0
2.87644	0
2.90145	0
2.92647	0
2.95148	0
2.97649	0
3.00151	0
3.02652	0
3.05153	0
3.07654	0
3.10155	0
3.12657	0
3.15158	0
3.17659	0
3.2016	0
3.22662	0
3.25163	0
3.27664	0
3.30165	0
3.32667	0
3.35168	0
3.37669	0
3.4017	0
3.42672	0
3.45173	0
3.47674	0
3.50176	0
3.52677	0
3.55178	0
3.57679	0
3.6018	0
3.62682	0
3.65183	0
3.67684	0
3.70185	0
3.72687	0
3.75188	0
3.77689	0
3.80191	0
3.82692	0
3.85193	0
3.87694	0
3.90195	0
3.92697	0
3.95198	0
3.97699	0
4.002	0
4.02702	0
4.05203	0
4.07704	0
4.10205	0
4.12707	0
4.15208	0
4.17709	0
4.20211	0
4.22712	0
4.25213	0
4.27714	0
4.30216	0
4.32717	0
4.35218	0
4.37719	0
4.4022	0
4.42722	0
4.45223	0
4.47724	0
4.50226	0
4.52727	0
4.55228	0
4.57729	0
4.60231	0
4.62732	0
4.65233	0
4.67734	0
4.70235	0
4.72737	0
4.75238	0
4.77739	0
4.8024	0
4.82742	0
4.85243	0
4.87744	0
4.90245	0
4.92747	0
4.95248	0
4.97749	0
5.0025	0
5.02752	0
5.05253	0
5.07754	0
5.10255	0
5.12757	0
5.15258	0
5.17759	0
5.2026	0
5.22762	0
5.25263	0
5.27764	0
5.30266	0
5.32767	0
5.35268	0
5.37769	0
5.4027	0
5.42772	0
5.45273	0
5.47774	0
5.50275	0
5.52777	0
5.55278	0
5.57779	0
5.6028	0
5.62782	0
5.65283	0
5.67784	0
5.70286	0
5.72787	0
5.75288	0
5.77789	0
5.8029	0
5.82792	0
5.85293	0
5.87794	0
5.90296	0
5.92797	0
5.95298	0
5.97799	0
6.00301	0
6.02802	0
6.05303	0
6.07804	0
6.10305	0
6.12807	0
6.15308	0
6.17809	0
6.2031	0
6.22812	0
6.25313	0
6.27814	0
6.30315	0
6.32817	0
6.35318	0
6.37819	0
6.40321	0
6.42822	0
6.45323	0
6.47824	0
6.50325	0
6.52827	0
6.55328	0
6.57829	0
6.6033	0
6.62832	0
6.65333	0
6.67834	0
6.70335	0
6.72837	0
6.75338	0
6.77839	0
6.80341	0
6.82842	0
6.85343	0
6.87844	0
6.90345	0
6.92847	0
6.95348	0
6.97849	0
7.0035	0
7.02852	0
7.05353	0
7.07854	0
7.10355	0
7.12857	0
7.15358	0
7.17859	0
7.2036	0
7.22862	0
7.25363	0
7.27864	0
7.30366	0
7.32867	0
7.35368	0
7.37869	0
7.40371	0
7.42872	0
7.45373	0
7.47874	0
7.50376	0
7.52877	0
7.55378	0
7.57879	0
7.60381	0
7.62882	0
7.65383	0
7.67884	0
7.70386	0
7.72887	0
7.75388	0
7.77889	0
7.80391	0
7.82892	0
7.85393	0
7.87894	0
7.90396	0
7.92897	0
7.95398	0
7.97899	0
8.004	0
8.02902	0
8.05403	0
8.07904	0
8.10406	0
8.12907	0
8.15408	0
8.17909	0
8.20411	0
8.22912	0
8.25413	0
8.27914	0
8.30416	0
8.32917	0
8.35418	0
8.37919	0
8.40421	0
8.42922	0
8.45423	0
8.47924	0
8.50425	0
8.52927	0
8.55428	0
8.57929	0
8.60431	0
8.62932	0
8.65433	0
8.67934	0
8.70436	0
8.72937	0
8.75438	0
8.77939	0
8.80441	0
8.82942	0
8.85443	0
8.87944	0
8.90446	0
8.92947	0
8.95448	0
8.97949	0
9.00451	0
9.02952	0
9.05453	0
9.07954	0
9.10456	0
9.12957	0
9.15458	0
9.17959	0
9.2046	0
9.22962	0
9.25463	0
9.27964	0
9.30466	0
9.32967	0
9.35468	0
9.37969	0
9.40471	0
9.42972	0
9.45473	0
9.47974	0
9.50476	0
9.52977	0
9.55478	0
9.57979	0
9.6048	0
9.62982	0
9.65483	0
9.67984	0
9.70486	0
9.72987	0
9.75488	0
9.77989	0
9.80491	0
9.82992	0
9.85493	0
9.87994	0
9.90495	0
9.92997	0
9.95498	0
9.97999	0
10.00501	0
10.03002	0
10.05503	0
10.08004	0
10.10506	0
10.13007	0
10.15508	0
10.18009	0
10.20511	0
10.23012	0
10.25513	0
10.28014	0
10.30515	0
10.33017	0
10.35518	0
10.38019	0
10.40521	0
10.43022	0
10.45523	0
10.48024	0
10.50526	0
10.53027	0
10.55528	0
10.58029	0
10.60531	0
10.63032	0
10.65533	0
10.68034	0
10.70536	0
10.73037	0
10.75538	0
10.78039	0
10.80541	0
10.83042	0
10.85543	0
10.88044	0
10.90546	0
10.93047	0
10.95548	0
10.98049	0
11.00551	0
11.03052	0
11.05553	0
11.08054	0
11.10556	0
11.13057	0
11.15558	0
11.18059	0
11.20561	0
11.23062	0
11.25563	0
11.28064	0
11.30566	0
11.33067	0
11.35568	0
11.38069	0
11.40571	0
11.43072	0
11.43072	0
